VARIANZE

x: 0.0011182 
y: 0.00106696
z: 0.00391154

tx: 9.94735522e-08
ty: 5.03483093e-08
tz: 2.76195603e-08