VARIANZE

x: 0.0831504
y: 26.74167737
z: 0.73662788

tx: 1.21646884e-03
ty: 1.45581752e-06
tz: 1.04153557e-04