np.asarray([
[[ 0.83876733 ,-0.02210022 ,-0.54404132 ,-0.3212977 ],
 [ 0.03035232 , 0.99952008 , 0.00619238 , 0.00103429],
 [ 0.54364337 ,-0.02170688 , 0.83903558 ,-0.09525641],
 [ 0.         , 0.         , 0.         , 1.        ]],
 [[ 0.83954157, -0.03208752, -0.54234707, -0.32004552],
 [ 0.04048616 , 0.99917377 , 0.0035564  ,-0.00119261],
 [ 0.54178485 ,-0.0249433  , 0.84014701 ,-0.09482273],
 [ 0.         , 0.         , 0.         , 1.        ]],
 [[ 0.83807307, -0.01592541, -0.54532551, -0.32367455],
 [ 0.02390959 , 0.99968561 , 0.00755068 , 0.00257128],
 [ 0.54503382 ,-0.01936653 , 0.83819036 ,-0.09696379],
 [ 0.         , 0.         , 0.         , 1.        ]],
 [[ 0.83716573, -0.00980893, -0.54686134, -0.32414119],
 [ 0.01755888 , 0.9998058  , 0.00894682 , 0.00296548],
 [ 0.54666738 ,-0.01709224 , 0.83717539 ,-0.09743324],
 [ 0.         , 0.         , 0.         , 1.        ]],
 [[ 8.38390008e-01, -2.05386852e-02, -5.44683722e-01, -3.20494248e-01],
 [ 2.80709729e-02,  9.99590717e-01,  5.51539178e-03, -3.34074060e-04],
 [ 5.44347513e-01, -1.99138514e-02,  8.38623410e-01, -9.55524185e-02],
 [ 0.00000000e+00,  0.00000000e+00,  0.00000000e+00,  1.00000000e+00]],
 [[ 0.83787754, -0.01514777, -0.54564803, -0.32214201],
 [ 0.02304393,  0.99970532,  0.00763254,  0.00187857],
 [ 0.54537162, -0.01896901,  0.8379797,  -0.09646278],
 [ 0.,          0.,          0.,          1.        ]],
 [[ 8.38326925e-01, -2.23744216e-02, -5.44708502e-01, -3.21541569e-01],
 [ 3.08278206e-02,  9.99504286e-01,  6.38958606e-03,  1.95390091e-04],
 [ 5.44295519e-01, -2.21487380e-02 , 8.38601110e-01, -9.60336173e-02],
 [ 0.00000000e+00,  0.00000000e+00 , 0.00000000e+00,  1.00000000e+00]],
[[ 8.38926718e-01, -2.70997696e-02, -5.43569283e-01, -3.20391572e-01],
 [ 3.54243684e-02,  9.99360594e-01,  4.84944129e-03, -7.97881063e-04],
 [ 5.43090302e-01, -2.33239244e-02,  8.39350295e-01, -9.54323748e-02],
 [ 0.00000000e+00,  0.00000000e+00,  0.00000000e+00,  1.00000000e+00]],
[[ 0.83808989, -0.01154463, -0.54541   , -0.32424737],
 [ 0.01937835,  0.9997751 ,  0.0086151 ,  0.00286465],
 [ 0.54518788, -0.01778938,  0.83812512, -0.09725663],
 [ 0.        ,  0.        ,  0.        ,  1.        ]],
[[ 0.83813856, -0.01339191, -0.54529296, -0.32545886],
 [ 0.0212343 ,  0.99974183,  0.00808525,  0.00300969],
 [ 0.54504391, -0.01835548,  0.83820655, -0.09777072],
 [ 0.        ,  0.        ,  0.        ,  1.        ]],
])