[
[[ 0.99307216, -0.10518637, -0.05237862, -0.12894168],
 [ 0.10494697,  0.99445097, -0.00730777, -0.01250373],
 [ 0.05285665,  0.00176017,  0.99860056, -0.00770196],
 [ 0.        ,  0.        ,  0.        ,  1.        ]],
[[ 0.9931595 , -0.11592749, -0.01396542, -0.11397078],
 [ 0.115814  ,  0.99323298, -0.00868138, -0.01420774],
 [ 0.01487733,  0.0070046 ,  0.99986479, -0.00541292],
 [ 0.        ,  0.        ,  0.        ,  1.        ]],
[[ 0.99200023, -0.09834897, -0.07913926, -0.13959892],
 [ 0.09831417,  0.99514594, -0.00434546, -0.01077607],
 [ 0.07918249, -0.00346981,  0.9968541 , -0.00992571],
 [ 0.        ,  0.        ,  0.        ,  1.        ]],
[[ 0.99328377, -0.11524313, -0.01031367, -0.11188411],
 [ 0.11513521,  0.99329422, -0.01051051, -0.01447161],
 [ 0.01145578,  0.00925245,  0.99989157, -0.00527416],
 [ 0.        ,  0.        ,  0.        ,  1.        ]],
[[ 9.93080690e-01 -1.17431022e-01  8.35811306e-04 -1.07709100e-01]
 [ 1.17433340e-01  9.93073780e-01 -3.72522369e-03 -1.19532952e-02]
 [-3.92565470e-04  3.79759982e-03  9.99992712e-01 -4.81541969e-03]
 [ 0.00000000e+00  0.00000000e+00  0.00000000e+00  1.00000000e+00]]
[[ 0.99137581, -0.10269318, -0.08141329, -0.14089403],
 [ 0.10269593,  0.99470408, -0.00416469, -0.0108281 ],
 [ 0.08140982, -0.00423204,  0.99667173, -0.0100954 ],
 [ 0.        ,  0.        ,  0.        ,  1.        ]],
[[ 9.93268912e-01, -1.13791354e-01, -2.16424604e-02, -1.16823999e-01],
 [ 1.13754042e-01,  9.93504558e-01, -2.95136117e-03, -1.09571285e-02],
 [ 2.18377224e-02,  4.69577947e-04,  9.99761418e-01, -6.12911875e-03],
 [ 0.00000000e+00,  0.00000000e+00,  0.00000000e+00,  1.00000000e+00]],
[[ 0.99339245, -0.10647924, -0.04282069, -0.12501317],
 [ 0.10633128,  0.99431428, -0.00572474, -0.01176204],
 [ 0.04318679,  0.00113374,  0.99906637, -0.00732765],
 [ 0.        ,  0.        ,  0.        ,  1.        ]],
[[ 0.99200924, -0.10997974, -0.06182327, -0.1325291 ],
 [ 0.10984296,  0.99393308, -0.00561707, -0.01154582],
 [ 0.06206595, -0.00121866,  0.99807131, -0.00889451],
 [ 0.        ,  0.        ,  0.        ,  1.        ]],
[[ 0.99319108, -0.10495737, -0.05055122, -0.12810329],
 [ 0.1049417 ,  0.99447394, -0.00297153, -0.01027187],
 [ 0.05058375, -0.00235363,  0.99871705, -0.00791101],
 [ 0.        ,  0.        ,  0.        ,  1.        ]],
[[ 9.92728075e-01, -9.45013009e-02, -7.45685816e-02, -1.37634517e-01],
 [ 9.41624953e-02,  9.95524262e-01, -8.05413010e-03, -1.28794527e-02],
 [ 7.49959579e-02,  9.73997361e-04,  9.97183362e-01, -9.46940486e-03],
 [ 0.00000000e+00,  0.00000000e+00,  0.00000000e+00,  1.00000000e+00]],
[[ 0.9515349 , -0.05987089, -0.30165676, -0.22617782],
 [ 0.05933206,  0.99817816, -0.01095709, -0.01157947],
 [ 0.3017632 , -0.00747187,  0.95335363, -0.03779917],
 [ 0.        ,  0.        ,  0.        ,  1.        ]],
[[ 0.96845933, -0.0729093 , -0.23826617, -0.20206438],
 [ 0.07318298,  0.99728873, -0.00770941, -0.01125467],
 [ 0.23818225, -0.00997078,  0.97116929, -0.02784885],
 [ 0.        ,  0.        ,  0.        ,  1.        ]],
[[ 0.94792258, -0.06797518, -0.3111626 , -0.23059893],
 [ 0.06733095,  0.99764826, -0.01282542, -0.01289544],
 [ 0.31130264, -0.00879337,  0.95027014, -0.03968241],
 [ 0.        ,  0.        ,  0.        ,  1.        ]],
[[ 0.99215714, -0.10190886, -0.07237954, -0.1366826 ],
 [ 0.10193491,  0.99478545, -0.00334347, -0.01062018],
 [ 0.07234284, -0.00406075,  0.99737156, -0.00944683],
 [ 0.        ,  0.        ,  0.        ,  1.        ]],
[[ 0.99263549, -0.1040523 , -0.06203153, -0.1325899 ],
 [ 0.10395289,  0.99457046, -0.00483644, -0.01150833],
 [ 0.06219797, -0.00164754,  0.99806247, -0.00872927],
 [ 0.        ,  0.        ,  0.        ,  1.        ]],
[[ 0.99183973, -0.10114176, -0.07761628, -0.13913933],
 [ 0.10128936,  0.99485491, -0.0020429 , -0.01018727],
 [ 0.07742356, -0.00583547,  0.99698121, -0.01003205],
 [ 0.        ,  0.        ,  0.        ,  1.        ]],
[[ 0.99265133, -0.10953516, -0.05143332, -0.12873056],
 [ 0.10958019,  0.99397604, -0.00195209, -0.01070433],
 [ 0.05133731, -0.00369833,  0.99867452, -0.0080553 ],
 [ 0.        ,  0.        ,  0.        ,  1.        ]],
[[ 0.99169699, -0.10494895, -0.07431556, -0.13786643],
 [ 0.10510441,  0.99445951, -0.00182668, -0.01057451],
 [ 0.07409552, -0.00599938,  0.9972331 , -0.00965821],
 [ 0.        ,  0.        ,  0.        ,  1.        ]]
 ]
