[[[ 0.8444589 , -0.01225705, -0.5354801 , -0.31844794],
       [ 0.02003144,  0.99976145,  0.00870546,  0.00107881],
       [ 0.53524566, -0.01807784,  0.84450298, -0.09396772],
       [ 0.        ,  0.        ,  0.        ,  1.        ]],
[[ 0.84397234, -0.01038616, -0.53628614, -0.31874111],
       [ 0.01811756,  0.999794  ,  0.00914941,  0.00114266],
       [ 0.53608064, -0.01743805,  0.84398665, -0.09425127],
       [ 0.        ,  0.        ,  0.        ,  1.        ]],
[[ 8.44787410e-01, -1.24431237e-02, -5.34957382e-01,
        -3.18534018e-01],
       [ 1.98966186e-02,  9.99768698e-01,  8.16544921e-03,
         9.44586390e-04],
       [ 5.34732042e-01, -1.75419117e-02,  8.44839585e-01,
        -9.38030427e-02],
       [ 0.00000000e+00,  0.00000000e+00,  0.00000000e+00,
         1.00000000e+00]],
[[ 8.43919213e-01, -1.08275175e-02, -5.36361004e-01,
        -3.18970155e-01],
       [ 1.82983359e-02,  9.99795515e-01,  8.60803419e-03,
         9.97223444e-04],
       [ 5.36158123e-01, -1.70789993e-02,  8.43944770e-01,
        -9.42624008e-02],
       [ 0.00000000e+00,  0.00000000e+00,  0.00000000e+00,
         1.00000000e+00]],
[[ 8.44055297e-01, -1.10465408e-02, -5.36142359e-01,
        -3.18746354e-01],
       [ 1.84867463e-02,  9.99792936e-01,  8.50442540e-03,
         7.28654000e-04],
       [ 5.35937398e-01, -1.70897331e-02,  8.44084739e-01,
        -9.40862898e-02],
       [ 0.00000000e+00,  0.00000000e+00,  0.00000000e+00,
         1.00000000e+00]],
[[ 8.44055660e-01, -1.23566246e-02, -5.36113194e-01,
        -3.18460664e-01],
       [ 1.96963794e-02,  9.99774267e-01,  7.96661096e-03,
         6.91241794e-04],
       [ 5.35893736e-01, -1.72837520e-02,  8.44108510e-01,
        -9.40012023e-02],
       [ 0.00000000e+00,  0.00000000e+00,  0.00000000e+00,
         1.00000000e+00]],
[[ 8.43838144e-01, -1.06699946e-02, -5.36491694e-01,
        -3.18971229e-01],
       [ 1.81594730e-02,  9.99797440e-01,  8.67827541e-03,
         9.18268676e-04],
       [ 5.36290425e-01, -1.70654662e-02,  8.43860978e-01,
        -9.42180656e-02],
       [ 0.00000000e+00,  0.00000000e+00,  0.00000000e+00,
         1.00000000e+00]],
[[ 8.43838144e-01, -1.06699946e-02, -5.36491694e-01,
        -3.18971229e-01],
       [ 1.81594730e-02,  9.99797440e-01,  8.67827541e-03,
         9.18268676e-04],
       [ 5.36290425e-01, -1.70654662e-02,  8.43860978e-01,
        -9.42180656e-02],
       [ 0.00000000e+00,  0.00000000e+00,  0.00000000e+00,
         1.00000000e+00]],
[[ 8.44256153e-01, -1.02696128e-02, -5.35841472e-01,
        -3.19497815e-01],
       [ 1.72580228e-02,  9.99818829e-01,  8.02931443e-03,
         7.33007104e-04],
       [ 5.35661935e-01, -1.60263624e-02,  8.44280432e-01,
        -9.41203318e-02],
       [ 0.00000000e+00,  0.00000000e+00,  0.00000000e+00,
         1.00000000e+00]],
[[ 8.44403021e-01, -1.00380473e-02, -5.35614391e-01,
        -3.18472094e-01],
       [ 1.75462649e-02,  9.99806223e-01,  8.92436242e-03,
         3.28506437e-04],
       [ 5.35421018e-01, -1.69337906e-02,  8.44415526e-01,
        -9.37992801e-02],
       [ 0.00000000e+00,  0.00000000e+00,  0.00000000e+00,
         1.00000000e+00]]
]
